McNeillID	RecapID	delT	SCL	delL	ChascoID	
5	1	0	53.1	0	1
5	2	35	53.1	0	1
7	1	0	72.2	0	2
7	2	333	74.3	2.1	2
7	3	28	74.3	0	2
19	1	0	59.5	0	3
19	2	770	63.6	4.1	3
20	1	0	52.3	0	4
20	2	2090	66.1	13.8	4
39	1	0	50.3	0	5
39	2	17	50	-0.3	5
49	1	0	62.1	0	6
49	2	929	72.7	10.6	6
57	1	0	62.5	0	7
57	2	14	62.4	-0.1	7
69	1	0	61.1	0	8
69	2	20	61.3	0.2	8
72	1	0	56	0	9
72	2	22	56	0	9
80	1	0	58.9	0	10
80	2	1866	70.2	11.3	10
82	1	0	45.1	0	11
82	2	353	52.2	7.1	11
92	1	0	46.9	0	12
92	2	1298	58.5	11.6	12
95	1	0	75.8	0	13
95	2	378	77.8	2	13
101	1	0	45.4	0	14
101	2	90	45.7	0.3	14
125	1	0	63.1	0	15
125	2	1850	74.1	11	15
127	1	0	50.6	0	16
127	2	1062	57.6	7	16
138	1	0	50.7	0	17
138	2	560	53.5	2.8	17
141	1	0	55.4	0	18
141	2	1102	70.8	15.4	18
143	1	0	60	0	19
143	2	232	60.3	0.3	19
143	3	1933	68.9	8.6	19
143	4	1083	70.5	1.6	19
143	5	375	70.6	0.1	19
151	1	0	53.5	0	20
151	2	602	58.9	5.4	20
151	3	38	59.1	0.2	20
151	4	49	61.5	2.4	20
151	5	326	65.8	4.3	20
151	6	427	71.6	5.8	20
171	1	0	57.6	0	21
171	2	5	57.7	0.1	21
175	1	0	59.7	0	22
175	2	13	59.7	0	22
176	1	0	71.8	0	23
176	2	35	71.8	0	23
179	1	0	81	0	24
179	2	9	81	0	24
196	1	0	56.9	0	25
196	2	20	56.9	0	25
198	1	0	92.5	0	26
198	2	236	91.5	-1	26
226	1	0	55.5	0	27
226	2	2069	66.8	11.3	27
226	3	35	67	0.2	27
226	4	59	67	0	27
226	5	260	67.6	0.6	27
226	6	24	67.9	0.3	27
226	7	298	69.3	1.4	27
226	8	63	69.3	0	27
229	1	0	63.4	0	28
229	2	31	63.5	0.1	28
235	1	0	60.7	0	29
235	2	963	64.5	3.8	29
235	3	1600	73.9	9.4	29
235	4	203	74.4	0.5	29
235	5	7	74.6	0.2	29
235	6	438	75.5	0.9	29
238	1	0	51.3	0	30
238	2	1106	54	2.7	30
241	1	0	64.8	0	31
241	2	630	64.9	0.1	31
263	1	0	64.2	0	32
263	2	286	66.5	2.3	32
273	1	0	55.1	0	33
273	2	30	55.4	0.3	33
277	1	0	62.4	0	34
277	2	557	63.6	1.2	34
288	1	0	57.9	0	35
288	2	182	59.5	1.6	35
307	1	0	75.7	0	36
307	2	1362	76.4	0.7	36
313	1	0	60	0	37
313	2	751	65.8	5.8	37
314	1	0	67.5	0	38
314	2	717	68.7	1.2	38
326	1	0	68.3	0	39
326	2	204	68	-0.3	39
329	1	0	58.9	0	40
329	2	347	63.8	4.9	40
337	1	0	50.7	0	41
337	2	1106	58.3	7.6	41
337	3	179	58.3	0	41
338	1	0	59.2	0	42
338	2	1155	70.4	11.2	42
338	3	330	72.1	1.7	42
344	1	0	62.1	0	43
344	2	981	64.6	2.5	43
345	1	0	56.2	0	44
345	2	607	61.4	5.2	44
352	1	0	59.5	0	45
352	2	725	64.5	5	45
353	1	0	54.3	0	46
353	2	7	53.7	-0.6	46
367	1	0	50	0	47
367	2	360	50.3	0.3	47
367	3	1338	62.4	12.1	47
367	4	714	70.7	8.3	47
369	1	0	54.2	0	48
369	2	2893	70.5	16.3	48
380	1	0	61.6	0	49
380	2	1	61.6	0	49
390	1	0	62.7	0	50
390	2	582	68.2	5.5	50
400	1	0	59.2	0	51
400	2	6	58.8	-0.4	51
400	3	5	58.3	-0.5	51
402	1	0	73.3	0	52
402	2	143	74	0.7	52
404	1	0	65	0	53
404	2	6	64.6	-0.4	53
410	1	0	67	0	54
410	2	2	67.1	0.1	54
427	1	0	77.6	0	55
427	2	56	78.2	0.6	55
430	1	0	57	0	56
430	2	2469	79.6	22.6	56
432	1	0	63.2	0	57
432	2	1054	65.5	2.3	57
432	3	4	66.4	0.9	57
437	1	0	53.8	0	58
437	2	1088	66.6	12.8	58
437	3	8	66.7	0.1	58
445	1	0	57	0	59
445	2	1138	66.9	9.9	59
446	1	0	62	0	60
446	2	955	65.1	3.1	60
453	1	0	66.8	0	61
453	2	1105	74.5	7.7	61
457	1	0	62.6	0	62
457	2	503	66.3	3.7	62
457	3	2510	78.9	12.6	62
458	1	0	63.5	0	63
458	2	202	64	0.5	63
465	1	0	55.2	0	64
465	2	277	57.6	2.4	64
482	1	0	58.3	0	65
482	2	348	59.4	1.1	65
517	1	0	55	0	66
517	2	372	55.2	0.2	66
518	1	0	54.7	0	67
518	2	1328	57.2	2.5	67
518	3	708	58.1	0.9	67
523	1	0	56.9	0	68
523	2	23	55.9	-1	68
530	1	0	56.3	0	69
530	2	667	58.6	2.3	69
533	1	0	64.3	0	70
533	2	365	65.3	1	70
533	3	913	77.3	12	70
539	1	0	61.9	0	71
539	2	955	64.1	2.2	71
539	3	508	68.3	4.2	71
543	1	0	72.6	0	72
543	2	678	77.2	4.6	72
557	1	0	60.9	0	73
557	2	2223	67	6.1	73
560	1	0	62.9	0	74
560	2	1333	68	5.1	74
571	1	0	57.7	0	75
571	2	792	64.8	7.1	75
571	3	387	67.7	2.9	75
571	4	7	67.8	0.1	75
571	5	283	68.5	0.7	75
571	6	126	69.1	0.6	75
571	7	11	69	-0.1	75
571	8	256	70.7	1.7	75
571	9	1449	73.6	2.9	75
574	1	0	63.6	0	76
574	2	1470	76.8	13.2	76
574	3	28	76.5	-0.3	76
574	4	15	75.4	-1.1	76
577	1	0	61.9	0	77
577	2	1085	67.9	6	77
577	3	28	67.3	-0.6	77
581	1	0	61.2	0	78
581	2	3	60.5	-0.7	78
581	3	1061	63.4	2.9	78
581	4	517	65.1	1.7	78
594	1	0	58.4	0	79
594	2	329	61.8	3.4	79
594	3	700	65.1	3.3	79
594	4	28	64.7	-0.4	79
594	5	298	65.9	1.2	79
594	6	3	66.1	0.2	79
594	7	11	65.9	-0.2	79
594	8	343	67.5	1.6	79
594	9	1487	71.1	3.6	79
596	1	0	57.2	0	80
596	2	2543	73.2	16	80
596	3	217	72.5	-0.7	80
597	1	0	51.2	0	81
597	2	1330	66	14.8	81
599	1	0	69.5	0	82
599	2	1804	74.6	5.1	82
609	1	0	51.4	0	83
609	2	1036	58	6.6	83
610	1	0	50.8	0	84
610	2	729	52.9	2.1	84
613	1	0	62.2	0	85
613	2	687	63.5	1.3	85
613	3	28	63.4	-0.1	85
615	1	0	56.3	0	86
615	2	98	57.9	1.6	86
615	3	224	58.4	0.5	86
615	4	732	66.2	7.8	86
618	1	0	60.8	0	87
618	2	345	62	1.2	87
618	3	751	62.2	0.2	87
618	4	370	65	2.8	87
620	1	0	60.6	0	88
620	2	52	61.8	1.2	88
620	3	791	68.7	6.9	88
620	4	3	68.8	0.1	88
620	5	340	70.7	1.9	88
620	6	99	70.8	0.1	88
621	1	0	61.6	0	89
621	2	1544	71.6	10	89
625	1	0	63.6	0	90
625	2	309	63.7	0.1	90
625	3	24	63.6	-0.1	90
625	4	364	65.1	1.5	90
625	5	435	69.2	4.1	90
633	1	0	67.3	0	91
633	2	707	71.4	4.1	91
637	1	0	70.3	0	92
637	2	4	70.3	0	92
638	1	0	66.6	0	93
638	2	1288	72.7	6.1	93
639	1	0	60.7	0	94
639	2	92	60.7	0	94
642	1	0	49.3	0	95
642	2	746	53.9	4.6	95
644	1	0	59.5	0	96
644	2	6	59.5	0	96
644	3	365	62.5	3	96
644	4	41	63.3	0.8	96
644	5	291	65.3	2	96
644	6	357	68.3	3	96
644	7	140	74.8	6.5	96
644	8	371	78.5	3.7	96
649	1	0	60	0	97
649	2	930	66.4	6.4	97
652	1	0	54.3	0	98
652	2	17	54.4	0.1	98
655	1	0	67.6	0	99
655	2	697	73.5	5.9	99
655	3	403	75.4	1.9	99
655	4	2173	84.5	9.1	99
656	1	0	57.1	0	100
656	2	1451	62.5	5.4	100
657	1	0	63.8	0	101
657	2	308	66.5	2.7	101
657	3	1156	73.9	7.4	101
657	4	1778	85.1	11.2	101
658	1	0	62.9	0	102
658	2	382	63.6	0.7	102
658	3	683	64.4	0.8	102
659	1	0	58.6	0	103
659	2	291	58.9	0.3	103
659	3	14	58.6	-0.3	103
659	4	14	59.1	0.5	103
659	5	357	62.8	3.7	103
659	6	378	65.5	2.7	103
659	7	336	68.3	2.8	103
659	8	368	71.3	3	103
659	9	24	71.8	0.5	103
671	1	0	65.2	0	104
671	2	6	68.9	3.7	104
672	1	0	62.7	0	105
672	2	372	65	2.3	105
680	1	0	63.2	0	106
680	2	1113	69.2	6	106
682	1	0	56.8	0	107
682	2	430	59.8	3	107
694	1	0	54	0	108
694	2	1351	64.2	10.2	108
696	1	0	46.5	0	109
696	2	353	51.1	4.6	109
706	1	0	49	0	110
706	2	358	52.6	3.6	110
708	1	0	65.2	0	111
708	2	1232	67.7	2.5	111
713	1	0	52.6	0	112
713	2	1082	63.5	10.9	112
713	3	14	63.4	-0.1	112
713	4	11	63.6	0.2	112
714	1	0	63.7	0	113
714	2	364	67.3	3.6	113
715	1	0	56.8	0	114
715	2	63	56.5	-0.3	114
720	1	0	60.3	0	115
720	2	713	65.4	5.1	115
720	3	5	65.3	-0.1	115
724	1	0	59.6	0	116
724	2	375	62.7	3.1	116
729	1	0	65.2	0	117
729	2	743	65.6	0.4	117
729	3	763	67	1.4	117
730	1	0	69.5	0	118
730	2	487	69.7	0.2	118
731	1	0	60	0	119
731	2	1029	63.9	3.9	119
740	1	0	55.7	0	120
740	2	343	63.1	7.4	120
742	1	0	61.6	0	121
742	2	1747	67.7	6.1	121
746	1	0	64.9	0	122
746	2	402	66.5	1.6	122
750	1	0	85.5	0	123
750	2	18	86	0.5	123
754	1	0	70.4	0	124
754	2	1207	73.5	3.1	124
756	1	0	59	0	125
756	2	360	59.2	0.2	125
756	3	32	59.2	0	125
756	4	35	59.1	-0.1	125
756	5	283	59.5	0.4	125
756	6	8	59.5	0	125
756	7	87	59.7	0.2	125
756	8	102	59.6	-0.1	125
767	1	0	56.3	0	126
767	2	305	58.3	2	126
772	1	0	69.2	0	127
772	2	752	72.8	3.6	127
773	1	0	59.2	0	128
773	2	378	61.6	2.4	128
775	1	0	55.5	0	129
775	2	770	64.8	9.3	129
775	3	641	69.4	4.6	129
778	1	0	64.9	0	130
778	2	319	64.9	0	130
778	3	73	65.7	0.8	130
778	4	310	67.5	1.8	130
778	5	383	71	3.5	130
785	1	0	55.4	0	131
785	2	361	57.5	2.1	131
785	3	399	62	4.5	131
785	4	318	64.7	2.7	131
785	5	725	74.3	9.6	131
786	1	0	57	0	132
786	2	1004	59.2	2.2	132
786	3	165	59.8	0.6	132
788	1	0	68.5	0	133
788	2	360	70.6	2.1	133
807	1	0	65.9	0	134
807	2	759	70.6	4.7	134
809	1	0	65.7	0	135
809	2	21	65.8	0.1	135
809	3	3	65.6	-0.2	135
810	1	0	71.1	0	136
810	2	2576	79.5	8.4	136
812	1	0	76.3	0	137
812	2	160	76.5	0.2	137
818	1	0	59.3	0	138
818	2	1499	68.6	9.3	138
822	1	0	54.9	0	139
822	2	900	64.2	9.3	139
824	1	0	64.1	0	140
824	2	308	64.9	0.8	140
824	3	35	64.9	0	140
824	4	23	65.5	0.6	140
824	5	345	67.9	2.4	140
824	6	14	68.2	0.3	140
824	7	308	70.5	2.3	140
824	8	52	72.4	1.9	140
828	1	0	61.2	0	141
828	2	506	66.2	5	141
828	3	13	66.2	0	141
828	4	8	65.7	-0.5	141
831	1	0	59.6	0	142
831	2	77	59.7	0.1	142
831	3	200	59.8	0.1	142
831	4	39	60.2	0.4	142
831	5	1445	69.1	8.9	142
833	1	0	65.8	0	143
833	2	198	65.8	0	143
834	1	0	50	0	144
834	2	1461	60.5	10.5	144
844	1	0	65	0	145
844	2	392	66.5	1.5	145
844	3	705	67.5	1	145
846	1	0	68.3	0	146
846	2	2154	71.5	3.2	146
861	1	0	73.2	0	147
861	2	749	75.5	2.3	147
861	3	732	76	0.5	147
865	1	0	66.3	0	148
865	2	290	66.9	0.6	148
865	3	385	68.6	1.7	148
865	4	102	69.5	0.9	148
866	1	0	50.2	0	149
866	2	38	50.4	0.2	149
866	3	60	51.1	0.7	149
869	1	0	70.8	0	150
869	2	52	71.2	0.4	150
869	3	333	72.5	1.3	150
869	4	1153	78.9	6.4	150
872	1	0	59.5	0	151
872	2	875	60.6	1.1	151
872	3	7	60.3	-0.3	151
874	1	0	67.2	0	152
874	2	63	67.5	0.3	152
876	1	0	63.2	0	153
876	2	721	63.5	0.3	153
876	3	147	64.2	0.7	153
876	4	326	66.9	2.7	153
879	1	0	59.1	0	154
879	2	122	59.6	0.5	154
879	3	207	59.3	-0.3	154
879	4	42	59.8	0.5	154
879	5	1184	69	9.2	154
880	1	0	73.6	0	155
880	2	1471	77.4	3.8	155
884	1	0	64.4	0	156
884	2	35	64.2	-0.2	156
885	1	0	64.7	0	157
885	2	70	64	-0.7	157
885	3	1730	74.1	10.1	157
888	1	0	57.5	0	158
888	2	2884	76.5	19	158
890	1	0	66.4	0	159
890	2	3	66.4	0	159
890	3	18	66.8	0.4	159
890	4	24	66.4	-0.4	159
891	1	0	51.3	0	160
891	2	800	63.7	12.4	160
895	1	0	69	0	161
895	2	458	71.5	2.5	161
898	1	0	67.5	0	162
898	2	5	67.3	-0.2	162
898	3	281	67.1	-0.2	162
901	1	0	65.7	0	163
901	2	1036	67.9	2.2	163
903	1	0	50.6	0	164
903	2	64	51.1	0.5	164
905	1	0	67.8	0	165
905	2	73	69.5	1.7	165
905	3	28	70.3	0.8	165
905	4	406	72.1	1.8	165
915	1	0	50	0	166
915	2	22	50	0	166
923	1	0	64.9	0	167
923	2	48	65.7	0.8	167
923	3	35	66.2	0.5	167
923	4	410	68.3	2.1	167
924	1	0	51.8	0	168
924	2	17	51.8	0	168
924	3	11	51.7	-0.1	168
924	4	14	51.6	-0.1	168
924	5	237	52.8	1.2	168
925	1	0	56.3	0	169
925	2	3570	91.5	35.2	169
932	1	0	73.5	0	170
932	2	6	73.2	-0.3	170
932	3	42	73.2	0	170
939	1	0	63.6	0	171
939	2	1341	76.8	13.2	171
940	1	0	59.1	0	172
940	2	1091	60.2	1.1	172
941	1	0	65.1	0	173
941	2	245	64.3	-0.8	173
941	3	63	65	0.7	173
941	4	11	64.9	-0.1	173
941	5	14	65	0.1	173
943	1	0	55.9	0	174
943	2	1540	68	12.1	174
946	1	0	60.1	0	175
946	2	7	60.2	0.1	175
947	1	0	53.3	0	176
947	2	14	53	-0.3	176
948	1	0	72.3	0	177
948	2	14	73	0.7	177
949	1	0	51.3	0	178
949	2	366	51.8	0.5	178
952	1	0	59.2	0	179
952	2	409	62.8	3.6	179
953	1	0	64.3	0	180
953	2	18	64.3	0	180
956	1	0	66.2	0	181
956	2	4	66.2	0	181
967	1	0	60.4	0	182
967	2	1092	70.5	10.1	182
967	3	4	70.6	0.1	182
967	4	3	70.5	-0.1	182
967	5	4	70.2	-0.3	182
972	1	0	67.7	0	183
972	2	362	68.5	0.8	183
973	1	0	52.3	0	184
973	2	680	54.3	2	184
973	3	77	55.7	1.4	184
973	4	340	57.9	2.2	184
973	5	48	58.1	0.2	184
976	1	0	60.8	0	185
976	2	812	60.7	-0.1	185
980	1	0	74.1	0	186
980	2	1068	75.2	1.1	186
981	1	0	70	0	187
981	2	606	74.1	4.1	187
981	3	119	75.8	1.7	187
981	4	1015	81.8	6	187
981	5	1020	82.8	1	187
982	1	0	80.6	0	188
982	2	637	83	2.4	188
982	3	39	82.9	-0.1	188
982	4	77	83.5	0.6	188
982	5	7	83.8	0.3	188
988	1	0	69.3	0	189
988	2	3	69.2	-0.1	189
991	1	0	53.3	0	190
991	2	1811	63.7	10.4	190
991	3	141	64.2	0.5	190
991	4	14	64	-0.2	190
991	5	342	66	2	190
991	6	15	66.4	0.4	190
991	7	7	66	-0.4	190
991	8	228	67.1	1.1	190
992	1	0	50.3	0	191
992	2	126	51	0.7	191
1001	1	0	103.4	0	192
1001	2	366	102.5	-0.9	192
1002	1	0	69	0	193
1002	2	371	72.1	3.1	193
1004	1	0	64.2	0	194
1004	2	7	64.2	0	194
1010	1	0	56.6	0	195
1010	2	848	63.3	6.7	195
1010	3	1	63.7	0.4	195
1015	1	0	62.1	0	196
1015	2	2288	78.8	16.7	196
1015	3	7	80.2	1.4	196
1017	1	0	68.4	0	197
1017	2	308	69	0.6	197
1018	1	0	64.3	0	198
1018	2	195	64.3	0	198
1020	1	0	64.7	0	199
1020	2	4	64.2	-0.5	199
1030	1	0	49.5	0	200
1030	2	74	50	0.5	200
1030	3	237	51.6	1.6	200
1031	1	0	54.9	0	201
1031	2	1153	64.4	9.5	201
1033	1	0	73.8	0	202
1033	2	4	74.2	0.4	202
1035	1	0	58.5	0	203
1035	2	40	58.3	-0.2	203
1038	1	0	47.1	0	204
1038	2	113	47.3	0.2	204
1039	1	0	67.8	0	205
1039	2	28	68.7	0.9	205
1039	3	18	69.2	0.5	205
1039	4	661	75.4	6.2	205
1039	5	11	75.6	0.2	205
1040	1	0	66.9	0	206
1040	2	17	67.1	0.2	206
1044	1	0	63.4	0	207
1044	2	716	66.8	3.4	207
1045	1	0	63.8	0	208
1045	2	560	69.2	5.4	208
1051	1	0	59.4	0	209
1051	2	25	59.5	0.1	209
1052	1	0	71.1	0	210
1052	2	731	74.4	3.3	210
1057	1	0	76.8	0	211
1057	2	17	76	-0.8	211
1057	3	2550	83.5	7.5	211
1062	1	0	56.5	0	212
1062	2	8	56.4	-0.1	212
1070	1	0	59	0	213
1070	2	17	59.2	0.2	213
1074	1	0	78.4	0	214
1074	2	378	81.6	3.2	214
1074	3	682	84.7	3.1	214
1076	1	0	61.7	0	215
1076	2	672	63.9	2.2	215
1076	3	7	61.3	-2.6	215
1096	1	0	66.6	0	216
1096	2	42	66	-0.6	216
1096	3	609	70.2	4.2	216
1097	1	0	69.1	0	217
1097	2	658	71.5	2.4	217
1097	3	689	77	5.5	217
1099	1	0	62.6	0	218
1099	2	71	62.3	-0.3	218
1105	1	0	62.9	0	219
1105	2	17	63	0.1	219
1108	1	0	60.2	0	220
1108	2	42	60.5	0.3	220
1110	1	0	74.7	0	221
1110	2	1076	77.7	3	221
1110	3	13	77.8	0.1	221
1110	4	14	77.9	0.1	221
1110	5	322	78.5	0.6	221
1110	6	7	78.5	0	221
1115	1	0	62.4	0	222
1115	2	49	62.3	-0.1	222
1122	1	0	61.4	0	223
1122	2	359	62	0.6	223
1122	3	357	63.8	1.8	223
1128	1	0	61.9	0	224
1128	2	8	62	0.1	224
1128	3	24	62.3	0.3	224
1128	4	56	63.2	0.9	224
1128	5	1105	68.5	5.3	224
1128	6	286	70	1.5	224
1129	1	0	65.1	0	225
1129	2	1054	71	5.9	225
1143	1	0	59.4	0	226
1143	2	20	58.8	-0.6	226
1143	3	11	58.7	-0.1	226
1143	4	350	61.5	2.8	226
1149	1	0	62.2	0	227
1149	2	3	62.5	0.3	227
1152	1	0	71.8	0	228
1152	2	7	69.8	-2	228
1153	1	0	73.2	0	229
1153	2	4	73.2	0	229
1156	1	0	54.9	0	230
1156	2	6	55.4	0.5	230
1158	1	0	70.9	0	231
1158	2	35	70	-0.9	231
1161	1	0	68.3	0	232
1161	2	35	67.6	-0.7	232
1162	1	0	76	0	233
1162	2	7	76.6	0.6	233
1172	1	0	54.7	0	234
1172	2	409	58.7	4	234
1175	1	0	55.7	0	235
1175	2	34	56.1	0.4	235
1184	1	0	59.8	0	236
1184	2	56	59.6	-0.2	236
1185	1	0	73.7	0	237
1185	2	14	73.1	-0.6	237
1190	1	0	69.9	0	238
1190	2	7	66.8	-3.1	238
1191	1	0	62.1	0	239
1191	2	614	66.5	4.4	239
1208	1	0	78.2	0	240
1208	2	7	77.9	-0.3	240
1213	1	0	76.4	0	241
1213	2	496	77.1	0.7	241
1217	1	0	52.7	0	242
1217	2	20	52.8	0.1	242
1227	1	0	64.4	0	243
1227	2	7	64.3	-0.1	243
1238	1	0	66.8	0	244
1238	2	35	67	0.2	244
1242	1	0	63.1	0	245
1242	2	993	63.9	0.8	245
1246	1	0	57.9	0	246
1246	2	7	58.9	1	246
1252	1	0	60.9	0	247
1252	2	359	61.7	0.8	247
1258	1	0	65.4	0	248
1258	2	17	65	-0.4	248
1263	1	0	52.7	0	249
1263	2	3	53	0.3	249
1264	1	0	57.7	0	250
1264	2	5	57.3	-0.4	250
1274	1	0	57.9	0	251
1274	2	10	57.9	0	251
1283	1	0	56.6	0	252
1283	2	17	56.6	0	252
1286	1	0	52.1	0	253
1286	2	23	52.2	0.1	253
1288	1	0	64.9	0	254
1288	2	17	65.3	0.4	254
1288	3	105	64.3	-1	254
1290	1	0	64.8	0	255
1290	2	4	65.2	0.4	255
1291	1	0	60.8	0	256
1291	2	15	60.8	7.11E-15	256
1294	1	0	70.5	0	257
1294	2	3	70	-0.5	257
1295	1	0	65.5	0	258
1295	2	6	65.9	0.4	258
1295	3	10	65.6	-0.3	258
1298	1	0	54.6	0	259
1298	2	376	56.8	2.2	259
1302	1	0	63.7	0	260
1302	2	3754	78.1	14.4	260
1306	1	0	64.7	0	261
1306	2	204	64.6	-0.1	261
1315	1	0	54.2	0	262
1315	2	270	57.5	3.3	262
1315	3	358	62.3	4.8	262
1324	1	0	55.4	0	263
1324	2	52	56.5	1.1	263
1324	3	11	56.7	0.2	263
1324	4	7	56.7	0	263
1324	5	3	56.5	-0.2	263
1324	6	361	59.1	2.6	263
1331	1	0	50.4	0	264
1331	2	130	51	0.6	264
1338	1	0	75.2	0	265
1338	2	730	78.9	3.7	265
1340	1	0	65.8	0	266
1340	2	14	66.3	0.5	266
1340	3	4	66	-0.3	266
1340	4	3	64.4	-1.6	266
1340	5	18	66.5	2.1	266
1340	6	7	66	-0.5	266
1340	7	21	66.6	0.6	266
1340	8	3	66.9	0.3	266
1340	9	298	67.6	0.7	266
1340	10	4	67.6	0	266
1340	11	350	70.4	2.8	266
1340	12	31	70.3	-0.1	266
1340	13	7	70.7	0.4	266
1344	1	0	44.4	0	267
1344	2	6	44.2	-0.2	267
1359	1	0	59.8	0	268
1359	2	11	60.1	0.3	268
1359	3	362	59.6	-0.5	268
1361	1	0	62.6	0	269
1361	2	570	69	6.4	269
1369	1	0	52.4	0	270
1369	2	7	52.5	0.1	270
1377	1	0	69.7	0	271
1377	2	43	71	1.3	271
1390	1	0	59.6	0	272
1390	2	217	60.1	0.5	272
1390	3	39	58.9	-1.2	272
1396	1	0	57	0	273
1396	2	8	57	0	273
1396	3	16	56.8	-0.2	273
1397	1	0	56.4	0	274
1397	2	47	56.7	0.3	274
1400	1	0	51.1	0	275
1400	2	10	52.9	1.8	275
1405	1	0	59.5	0	276
1405	2	6	59.4	-0.1	276
1407	1	0	81	0	277
1407	2	354	82.2	1.2	277
1407	3	88	83.2	1	277
1417	1	0	63.4	0	278
1417	2	49	63.8	0.4	278
1417	3	14	63.7	-0.1	278
1417	4	780	69.7	6	278
1421	1	0	51.5	0	279
1421	2	25	51.2	-0.3	279
1424	1	0	61.6	0	280
1424	2	134	63.9	2.3	280
1424	3	10	63.3	-0.6	280
1424	4	6	63.4	0.1	280
1424	5	4	63	-0.4	280
1426	1	0	65.6	0	281
1426	2	21	65.8	0.2	281
1431	1	0	65.3	0	282
1431	2	140	66.4	1.1	282
1433	1	0	65.4	0	283
1433	2	1175	70.2	4.8	283
1439	1	0	54.5	0	284
1439	2	17	54.8	0.3	284
1439	3	735	59.3	4.5	284
1439	4	3	59.4	0.1	284
1439	5	219	60.5	1.1	284
1439	6	14	60.9	0.4	284
1439	7	113	64.8	3.9	284
1439	8	4	64.4	-0.4	284
1440	1	0	68.1	0	285
1440	2	723	73.5	5.4	285
1450	1	0	71.6	0	286
1450	2	3	71.4	-0.2	286
1450	3	7	71.1	-0.3	286
1450	4	21	71.4	0.3	286
1452	1	0	61.5	0	287
1452	2	123	61.2	-0.3	287
1453	1	0	76.2	0	288
1453	2	830	78.9	2.7	288
1456	1	0	59	0	289
1456	2	10	58.9	-0.1	289
1459	1	0	72.5	0	290
1459	2	24	72.2	-0.3	290
1460	1	0	57.7	0	291
1460	2	311	59.3	1.6	291
1471	1	0	58	0	292
1471	2	101	58.7	0.7	292
1473	1	0	66.8	0	293
1473	2	386	66.9	0.1	293
1473	3	45	67	0.1	293
1473	4	926	70.4	3.4	293
1476	1	0	61	0	294
1476	2	308	61.5	0.5	294
1476	3	860	66.6	5.1	294
1481	1	0	63.8	0	295
1481	2	11	64	0.2	295
1481	3	84	64.6	0.6	295
1482	1	0	59	0	296
1482	2	4	58.9	-0.1	296
1482	3	3	59.4	0.5	296
1482	4	21	59.2	-0.2	296
1487	1	0	65.2	0	297
1487	2	7	65.4	0.2	297
1487	3	259	65.5	0.1	297
1487	4	4	65.6	0.1	297
1495	1	0	63.5	0	298
1495	2	367	63.8	0.3	298
1500	1	0	62.2	0	299
1500	2	333	62.4	0.2	299
1500	3	119	63.4	1	299
1500	4	316	63.8	0.4	299
1500	5	366	66	2.2	299
1500	6	9	66.6	0.6	299
1500	7	215	66.5	-0.1	299
1500	8	514	68.2	1.7	299
1500	9	12	67.6	-0.6	299
1504	1	0	56.9	0	300
1504	2	106	57.6	0.7	300
1504	3	247	56.5	-1.1	300
1513	1	0	57	0	301
1513	2	173	59.1	2.1	301
1515	1	0	54.8	0	302
1515	2	8	55.4	0.6	302
1517	1	0	59.8	0	303
1517	2	46	60.2	0.4	303
1517	3	277	60.2	0	303
1519	1	0	72.2	0	304
1519	2	28	72.6	0.4	304
1519	3	336	73.6	1	304
1520	1	0	56.7	0	305
1520	2	305	57.2	0.5	305
1520	3	147	58.8	1.6	305
1520	4	30	58.7	-0.1	305
1520	5	313	57.9	-0.8	305
1522	1	0	62.8	0	306
1522	2	126	63.1	0.3	306
1522	3	49	62.8	-0.3	306
1523	1	0	58.5	0	307
1523	2	322	59.2	0.7	307
1523	3	7	59.1	-0.1	307
1523	4	354	60.1	1	307
1529	1	0	63	0	308
1529	2	14	62.9	-0.1	308
1529	3	14	63	0.1	308
1530	1	0	61.4	0	309
1530	2	208	62.1	0.7	309
1533	1	0	59.5	0	310
1533	2	44	60.1	0.6	310
1534	1	0	64.7	0	311
1534	2	15	64.6	-0.1	311
1534	3	596	69	4.4	311
1534	4	26	68.6	-0.4	311
1542	1	0	59.9	0	312
1542	2	68	60.5	0.6	312
1571	1	0	54.7	0	313
1571	2	363	55.9	1.2	313
1578	1	0	69.6	0	314
1578	2	6	69.9	0.3	314
1586	1	0	70.4	0	315
1586	2	17	62.5	-7.9	315
1586	3	442	63.3	0.8	315
1589	1	0	68.9	0	316
1589	2	10	68.4	-0.5	316
1591	1	0	61.4	0	317
1591	2	20	62.6	1.2	317
1597	1	0	49.8	0	318
1597	2	11	49.7	-0.1	318
1597	3	3	50	0.3	318
1600	1	0	60.7	0	319
1600	2	288	63.6	2.9	319
1603	1	0	66.4	0	320
1603	2	1381	63	-3.4	320
1605	1	0	73.2	0	321
1605	2	72	72.6	-0.6	321
1605	3	25	72.9	0.3	321
1611	1	0	60.3	0	322
1611	2	14	60.7	0.4	322
1621	1	0	62.7	0	323
1621	2	365	62.5	-0.2	323
1630	1	0	64.9	0	324
1630	2	6	63.4	-1.5	324
1632	1	0	56.9	0	325
1632	2	239	57.5	0.6	325
1632	3	10	57.3	-0.2	325
1632	4	4	57.3	0	325
1632	5	31	57.8	0.5	325
1632	6	32	58.7	0.9	325
1632	7	56	59.8	1.1	325
1632	8	237	60.1	0.3	325
1632	9	22	60.6	0.5	325
1632	10	28	60.7	0.1	325
1632	11	402	62.2	1.5	325
1632	12	669	64.1	1.9	325
1632	13	14	63.7	-0.4	325
1638	1	0	66.6	0	326
1638	2	84	65.7	-0.9	326
1647	1	0	60.8	0	327
1647	2	42	61	0.2	327
1652	1	0	68.7	0	328
1652	2	346	69.3	0.6	328
1652	3	32	68.5	-0.8	328
1652	4	66	68.8	0.3	328
1658	1	0	64.8	0	329
1658	2	18	64.3	-0.5	329
1667	1	0	60.8	0	330
1667	2	3	60.8	0	330
1681	1	0	70.5	0	331
1681	2	17	69.9	-0.6	331
1681	3	235	70.4	0.5	331
1681	4	332	70.4	0	331
1681	5	95	71	0.6	331
1682	1	0	60.9	0	332
1682	2	130	61.3	0.4	332
1688	1	0	55.7	0	333
1688	2	395	57.1	1.4	333
1691	1	0	56.8	0	334
1691	2	1143	58.2	1.4	334
1694	1	0	66.2	0	335
1694	2	10	65.6	-0.6	335
1694	3	7	65.8	0.2	335
1694	4	7	64.4	-1.4	335
1695	1	0	81.3	0	336
1695	2	33	81.6	0.3	336
1699	1	0	75	0	337
1699	2	30	75.1	0.1	337
1702	1	0	66.1	0	338
1702	2	10	65.7	-0.4	338
1711	1	0	66.6	0	339
1711	2	474	66.8	0.2	339
1712	1	0	57	0	340
1712	2	3	57.5	0.5	340
1715	1	0	53	0	341
1715	2	3	53	0	341
1717	1	0	64.3	0	342
1717	2	3	64.3	0	342
1717	3	3	64.5	0.2	342
1718	1	0	70.4	0	343
1718	2	245	70.3	-0.1	343
1720	1	0	67	0	344
1720	2	4	67.4	0.4	344
1720	3	3	67.3	-0.1	344
1724	1	0	64.1	0	345
1724	2	3	64.6	0.5	345
1724	3	599	65.2	0.6	345
1724	4	25	65	-0.2	345
1743	1	0	57.2	0	346
1743	2	73	57.1	-0.1	346
1748	1	0	73.3	0	347
1748	2	397	73.6	0.3	347
1748	3	1094	76.1	2.5	347
1748	4	329	75.3	-0.8	347
1748	5	21	76.1	0.8	347
1748	6	21	76.1	0	347
1751	1	0	61.7	0	348
1751	2	254	62.4	0.7	348
1756	1	0	97.2	0	349
1756	2	10	97.2	0	349
1759	1	0	69.1	0	350
1759	2	1835	79	9.9	350
1769	1	0	63.1	0	351
1769	2	10	63.8	0.7	351
1771	1	0	56.8	0	352
1771	2	228	56.8	0	352
1776	1	0	70.3	0	353
1776	2	767	71.3	1	353
1782	1	0	65.4	0	354
1782	2	28	65.9	0.5	354
1784	1	0	65.6	0	355
1784	2	274	65.8	0.2	355
1785	1	0	63.7	0	356
1785	2	17	63.6	-0.1	356
1785	3	6	63.9	0.3	356
1785	4	700	65.8	1.9	356
1785	5	343	67.2	1.4	356
1785	6	8	66.9	-0.3	356
1785	7	18	67.2	0.3	356
1789	1	0	62.7	0	357
1789	2	56	62.8	0.1	357
1793	1	0	54.9	0	358
1793	2	11	55.2	0.3	358
1795	1	0	70.9	0	359
1795	2	20	70.4	-0.5	359
1799	1	0	48.8	0	360
1799	2	418	50.9	2.1	360
1801	1	0	70.9	0	361
1801	2	7	71.4	0.5	361
1805	1	0	60.9	0	362
1805	2	80	59.7	-1.2	362
1805	3	242	60.4	0.7	362
1814	1	0	58	0	363
1814	2	300	57.7	-0.3	363
1817	1	0	54.5	0	364
1817	2	3	54.7	0.2	364
1817	3	56	55.4	0.7	364
1828	1	0	63.6	0	365
1828	2	127	63	-0.6	365
1830	1	0	58.1	0	366
1830	2	4	58.1	0	366
1834	1	0	63.6	0	367
1834	2	132	63.6	0	367
1841	1	0	48.4	0	368
1841	2	18	48.5	0.1	368
1841	3	7	48.9	0.4	368
1845	1	0	74.6	0	369
1845	2	17	74.9	0.3	369
1846	1	0	54.7	0	370
1846	2	7	54.2	-0.5	370
1846	3	3	54.3	0.1	370
1861	1	0	69.4	0	371
1861	2	455	69.7	0.3	371
1864	1	0	54.7	0	372
1864	2	578	56.2	1.5	372
1869	1	0	78.9	0	373
1869	2	24	79	0.1	373
1875	1	0	70.8	0	374
1875	2	17	71.2	0.4	374
1888	1	0	63	0	375
1888	2	1749	71.1	8.1	375
1889	1	0	73.9	0	376
1889	2	472	76	2.1	376
1889	3	12	74.1	-1.9	376
1889	4	204	76.1	2	376
1892	1	0	62.6	0	377
1892	2	764	64.8	2.2	377
1892	3	224	64.5	-0.3	377
1894	1	0	70.3	0	378
1894	2	85	70.6	0.3	378
1894	3	2	70.4	-0.2	378
1899	1	0	72.5	0	379
1899	2	14	71.9	-0.6	379
1899	3	108	74.1	2.2	379
1899	4	11	73.7	-0.4	379
1899	5	217	74.7	1	379
1899	6	119	77.2	2.5	379
1901	1	0	71.9	0	380
1901	2	3	72.3	0.4	380
1905	1	0	58.6	0	381
1905	2	371	59.5	0.9	381
1905	3	713	59.8	0.3	381
1908	1	0	68.8	0	382
1908	2	276	69	0.2	382
1914	1	0	67.1	0	383
1914	2	97	67.3	0.2	383
1915	1	0	63.5	0	384
1915	2	226	64.7	1.2	384
1942	1	0	70.1	0	385
1942	2	14	70.1	0	385
1946	1	0	66.5	0	386
1946	2	946	71.7	5.2	386
1955	1	0	62	0	387
1955	2	411	63.6	1.6	387
1964	1	0	62.9	0	388
1964	2	1120	66.5	3.6	388
1964	3	217	66.6	0.1	388
1964	4	7	66.9	0.3	388
1966	1	0	69.4	0	389
1966	2	1	79.8	10.4	389
1966	3	14	69.5	-10.3	389
1967	1	0	71.8	0	390
1967	2	138	65	-6.8	390
1967	3	360	66.7	1.7	390
1977	1	0	62.5	0	391
1977	2	63	61.9	-0.6	391
1983	1	0	54.6	0	392
1983	2	118	54.7	0.1	392
1985	1	0	56	0	393
1985	2	839	55.8	-0.2	393
1988	1	0	67	0	394
1988	2	1330	73.4	6.4	394
1996	1	0	57.5	0	395
1996	2	362	58.4	0.9	395
1997	1	0	65.2	0	396
1997	2	322	67	1.8	396
2004	1	0	68.1	0	397
2004	2	628	72.3	4.2	397
2012	1	0	70.5	0	398
2012	2	607	72.9	2.4	398
2012	3	122	72.5	-0.4	398
2013	1	0	61	0	399
2013	2	33	61.8	0.8	399
2017	1	0	60.7	0	400
2017	2	99	61.2	0.5	400
2017	3	286	61.8	0.6	400
2017	4	89	62.3	0.5	400
2018	1	0	54.8	0	401
2018	2	32	56.1	1.3	401
2018	3	1922	72.3	16.2	401
2020	1	0	51.7	0	402
2020	2	249	52.7	1	402
2024	1	0	60.5	0	403
2024	2	214	60.5	0	403
2024	3	32	60.6	0.1	403
2024	4	56	60.9	0.3	403
2026	1	0	57.6	0	404
2026	2	461	58.3	0.7	404
2035	1	0	57.5	0	405
2035	2	340	60.8	3.3	405
2035	3	153	62	1.2	405
2035	4	590	66	4	405
2035	5	14	66.2	0.2	405
2035	6	5	66	-0.2	405
2037	1	0	61.6	0	406
2037	2	1435	67.5	5.9	406
2040	1	0	59.1	0	407
2040	2	12	58.7	-0.4	407
2056	1	0	69.4	0	408
2056	2	563	70.2	0.8	408
2061	1	0	54.2	0	409
2061	2	94	54.1	-0.1	409
2067	1	0	51	0	410
2067	2	532	59	8	410
2078	1	0	53.7	0	411
2078	2	8	53.5	-0.2	411
2081	1	0	61.2	0	412
2081	2	32	61.7	0.5	412
2095	1	0	61	0	413
2095	2	595	63.5	2.5	413
2099	1	0	55.3	0	414
2099	2	11	55.3	0	414
2103	1	0	66.8	0	415
2103	2	7	66	-0.8	415
2107	1	0	61.9	0	416
2107	2	273	62.5	0.6	416
2109	1	0	61.9	0	417
2109	2	66	62.2	0.3	417
2116	1	0	57.7	0	418
2116	2	3	58.1	0.4	418
2116	3	32	57	-1.1	418
2122	1	0	59.7	0	419
2122	2	221	60.7	1	419
2122	3	2	60.5	-0.2	419
2126	1	0	74.5	0	420
2126	2	1841	75.5	1	420
2136	1	0	57.1	0	421
2136	2	12	57.8	0.7	421
2140	1	0	56.2	0	422
2140	2	305	57.1	0.9	422
2141	1	0	68.2	0	423
2141	2	350	70.3	2.1	423
2146	1	0	71.8	0	424
2146	2	59	71.8	0	424
2151	1	0	65.7	0	425
2151	2	26	66.8	1.1	425
2157	1	0	56.4	0	426
2157	2	433	57.9	1.5	426
2160	1	0	65.9	0	427
2160	2	21	65.6	-0.3	427
2163	1	0	62.2	0	428
2163	2	728	62.2	0	428
2164	1	0	66.9	0	429
2164	2	21	66.8	-0.1	429
2165	1	0	71.9	0	430
2165	2	12	72.7	0.8	430
2169	1	0	67.2	0	431
2169	2	16	68.1	0.9	431
2169	3	218	67.3	-0.8	431
2169	4	518	74	6.7	431
2180	1	0	63.9	0	432
2180	2	245	63.8	-0.1	432
2180	3	7	63.3	-0.5	432
2180	4	250	63	-0.3	432
2189	1	0	61.3	0	433
2189	2	102	61	-0.3	433
2189	3	20	61.4	0.4	433
2189	4	218	61.8	0.4	433
2196	1	0	63.4	0	434
2196	2	733	66.1	2.7	434
2200	1	0	67.9	0	435
2200	2	351	68.2	0.3	435
2201	1	0	70.3	0	436
2201	2	739	76.1	5.8	436
2219	1	0	79.8	0	437
2219	2	19	79.6	-0.2	437
2223	1	0	64.1	0	438
2223	2	949	67.5	3.4	438
2237	1	0	68.1	0	439
2237	2	303	69	0.9	439
2237	3	371	73.5	4.5	439
2238	1	0	62.5	0	440
2238	2	303	63.6	1.1	440
2242	1	0	67.6	0	441
2242	2	1520	75.7	8.1	441
2247	1	0	53.9	0	442
2247	2	1	54.3	0.4	442
2249	1	0	62.4	0	443
2249	2	215	62.2	-0.2	443
2249	3	375	64.3	2.1	443
2253	1	0	70.2	0	444
2253	2	601	72.3	2.1	444
2255	1	0	57.5	0	445
2255	2	470	63.6	6.1	445
2259	1	0	67	0	446
2259	2	88	67.8	0.8	446
2270	1	0	59.9	0	447
2270	2	2225	68.8	8.9	447
2271	1	0	71.8	0	448
2271	2	3	71.9	0.1	448
2271	3	1090	78	6.1	448
2274	1	0	83.8	0	449
2274	2	3	83.4	-0.4	449
2327	1	0	78.3	0	450
2327	2	13	78.3	0	450
2373	1	0	65.7	0	451
2373	2	1460	68.9	3.2	451
2378	1	0	66.4	0	452
2378	2	5643	96.5	30.1	452
2395	1	0	62.9	0	453
2395	2	125	60	-2.9	453
2401	1	0	80.4	0	454
2401	2	3	78.5	-1.9	454
2446	1	0	79.9	0	455
2446	2	723	80	0.1	455
2450	1	0	61.6	0	456
2450	2	1410	64.7	3.1	456
2452	1	0	64.5	0	457
2452	2	1285	65.1	0.6	457
2452	3	18	64.3	-0.8	457
2454	1	0	78.5	0	458
2454	2	14	78.2	-0.3	458
2454	3	207	77.7	-0.5	458
2465	1	0	67.1	0	459
2465	2	7	66.6	-0.5	459
2505	1	0	66.9	0	460
2505	2	1509	72.5	5.6	460
2524	1	0	59.6	0	461
2524	2	3	59.7	0.1	461
2567	1	0	61.6	0	462
2567	2	599	66.4	4.8	462
2606	1	0	55.8	0	463
2606	2	236	55.6	-0.2	463
2607	1	0	50.9	0	464
2607	2	557	54.6	3.7	464
2607	3	2599	67	12.4	464
2608	1	0	84.6	0	465
2608	2	2507	83.7	-0.9	465
2624	1	0	54.9	0	466
2624	2	38	53.9	-1	466
2634	1	0	55.3	0	467
2634	2	550	55.2	-0.1	467
2634	3	8	55.7	0.5	467
2634	4	33	55.3	-0.4	467
2634	5	322	55.8	0.5	467
2634	6	10	56.5	0.7	467
2634	7	67	57.6	1.1	467
2645	1	0	63.2	0	468
2645	2	6	63.3	0.1	468
2654	1	0	64.7	0	469
2654	2	748	70.6	5.9	469
2660	1	0	65.1	0	470
2660	2	3	65	-0.1	470
2684	1	0	57.4	0	471
2684	2	889	60.6	3.2	471
2687	1	0	71.7	0	472
2687	2	7	72.1	0.4	472
2697	1	0	55.3	0	473
2697	2	120	55.8	0.5	473
2724	1	0	59.4	0	474
2724	2	395	60.5	1.1	474
2724	3	3	59.8	-0.7	474
2738	1	0	57.4	0	475
2738	2	681	67.3	9.9	475
2758	1	0	57.5	0	476
2758	2	6	57.7	0.2	476
2785	1	0	60.3	0	477
2785	2	17	59.1	-1.2	477
2785	3	767	63.3	4.2	477
2815	1	0	64.9	0	478
2815	2	279	65.9	1	478
2845	1	0	71.5	0	479
2845	2	8	70.6	-0.9	479
2845	3	220	71.5	0.9	479
2845	4	144	72.3	0.8	479
2846	1	0	72.1	0	480
2846	2	225	73.4	1.3	480
2846	3	16	73.2	-0.2	480
